0x140ebfee8 1 8 7
0x140ebff50 4 8 7
0x140ebff6c 2 8 7
0x142c46770 6 8 7
0x142f1556c 2 3 7
0x142f155a0 3 8 7
0x142f155bc 5 1 7
0x142f155d8 3 4 7
0x142f155f4 3 2 7
0x14080a018 1 1 7
0x141fd8440 8 8 7
0x142eeb41c 6 6 7
0x142eeb430 2 2 7
0x142ef7f9c 4 4 7
0x142ef7f6c 0 8 7
0x142f15588 0 2 7
0x140ebff38 2 0 7
0x142ef7f84 4 0 7
0x142ef7fb0 1 0 7
0x140ebff20 2 0 7
0x142c612fc 0 0 7
0x14116cf48 0 0 7
0x1408096ec 5 8 7
0x14080a048 1 8 7
0x1410f92bc 2 8 7
0x14116f6f0 4 8 7
0x141166e50 2 0 7
0x141173ca4 0 0 7
0x141173cb0 0 0 7
0x140ebff04 2 8 7
