# IDs attendus dans le payload type-2 de 000d5950 (source : world_dump CE).
# id = 0x40000000 | slot. idLE = les 4 octets little-endian tels qu'en memoire.
# colonnes : slot(dec)  id(hex)  idLE(bytes hex)  typeIndex
0      0x40000000 00 00 00 40 22
1      0x40000001 01 00 00 40 34
2      0x40000002 02 00 00 40 2
3      0x40000003 03 00 00 40 6
4      0x40000004 04 00 00 40 6
5      0x40000005 05 00 00 40 6
6      0x40000006 06 00 00 40 6
7      0x40000007 07 00 00 40 6
8      0x40000008 08 00 00 40 6
9      0x40000009 09 00 00 40 6
10     0x4000000a 0a 00 00 40 6
11     0x4000000b 0b 00 00 40 6
12     0x4000000c 0c 00 00 40 6
13     0x4000000d 0d 00 00 40 6
14     0x4000000e 0e 00 00 40 6
15     0x4000000f 0f 00 00 40 6
16     0x40000010 10 00 00 40 6
17     0x40000011 11 00 00 40 6
18     0x40000012 12 00 00 40 6
19     0x40000013 13 00 00 40 6
20     0x40000014 14 00 00 40 6
21     0x40000015 15 00 00 40 6
22     0x40000016 16 00 00 40 6
23     0x40000017 17 00 00 40 6
24     0x40000018 18 00 00 40 6
25     0x40000019 19 00 00 40 6
26     0x4000001a 1a 00 00 40 6
27     0x4000001b 1b 00 00 40 6
28     0x4000001c 1c 00 00 40 6
29     0x4000001d 1d 00 00 40 6
30     0x4000001e 1e 00 00 40 6
31     0x4000001f 1f 00 00 40 6
32     0x40000020 20 00 00 40 6
33     0x40000021 21 00 00 40 6
34     0x40000022 22 00 00 40 6
35     0x40000023 23 00 00 40 6
36     0x40000024 24 00 00 40 6
37     0x40000025 25 00 00 40 6
38     0x40000026 26 00 00 40 6
39     0x40000027 27 00 00 40 6
40     0x40000028 28 00 00 40 6
41     0x40000029 29 00 00 40 6
42     0x4000002a 2a 00 00 40 6
43     0x4000002b 2b 00 00 40 6
44     0x4000002c 2c 00 00 40 6
45     0x4000002d 2d 00 00 40 6
46     0x4000002e 2e 00 00 40 6
47     0x4000002f 2f 00 00 40 6
48     0x40000030 30 00 00 40 6
49     0x40000031 31 00 00 40 6
50     0x40000032 32 00 00 40 6
51     0x40000033 33 00 00 40 15
52     0x40000034 34 00 00 40 5
53     0x40000035 35 00 00 40 5
54     0x40000036 36 00 00 40 5
55     0x40000037 37 00 00 40 5
56     0x40000038 38 00 00 40 5
57     0x40000039 39 00 00 40 5
58     0x4000003a 3a 00 00 40 5
59     0x4000003b 3b 00 00 40 5
60     0x4000003c 3c 00 00 40 5
61     0x4000003d 3d 00 00 40 5
62     0x4000003e 3e 00 00 40 5
63     0x4000003f 3f 00 00 40 5
64     0x40000040 40 00 00 40 5
65     0x40000041 41 00 00 40 5
66     0x40000042 42 00 00 40 5
67     0x40000043 43 00 00 40 5
68     0x40000044 44 00 00 40 5
69     0x40000045 45 00 00 40 5
70     0x40000046 46 00 00 40 5
71     0x40000047 47 00 00 40 5
72     0x40000048 48 00 00 40 5
73     0x40000049 49 00 00 40 5
74     0x4000004a 4a 00 00 40 5
75     0x4000004b 4b 00 00 40 5
76     0x4000004c 4c 00 00 40 5
77     0x4000004d 4d 00 00 40 5
78     0x4000004e 4e 00 00 40 5
79     0x4000004f 4f 00 00 40 5
80     0x40000050 50 00 00 40 5
81     0x40000051 51 00 00 40 5
82     0x40000052 52 00 00 40 5
83     0x40000053 53 00 00 40 5
84     0x40000054 54 00 00 40 17
85     0x40000055 55 00 00 40 17
86     0x40000056 56 00 00 40 17
87     0x40000057 57 00 00 40 17
88     0x40000058 58 00 00 40 17
89     0x40000059 59 00 00 40 17
90     0x4000005a 5a 00 00 40 17
91     0x4000005b 5b 00 00 40 17
92     0x4000005c 5c 00 00 40 17
93     0x4000005d 5d 00 00 40 17
94     0x4000005e 5e 00 00 40 17
95     0x4000005f 5f 00 00 40 17
96     0x40000060 60 00 00 40 17
97     0x40000061 61 00 00 40 17
98     0x40000062 62 00 00 40 17
99     0x40000063 63 00 00 40 17
100    0x40000064 64 00 00 40 17
101    0x40000065 65 00 00 40 17
102    0x40000066 66 00 00 40 17
103    0x40000067 67 00 00 40 17
104    0x40000068 68 00 00 40 17
105    0x40000069 69 00 00 40 17
106    0x4000006a 6a 00 00 40 17
107    0x4000006b 6b 00 00 40 17
108    0x4000006c 6c 00 00 40 17
109    0x4000006d 6d 00 00 40 17
110    0x4000006e 6e 00 00 40 17
111    0x4000006f 6f 00 00 40 17
112    0x40000070 70 00 00 40 17
113    0x40000071 71 00 00 40 17
114    0x40000072 72 00 00 40 17
115    0x40000073 73 00 00 40 17
116    0x40000074 74 00 00 40 17
117    0x40000075 75 00 00 40 18
118    0x40000076 76 00 00 40 19
119    0x40000077 77 00 00 40 25
120    0x40000078 78 00 00 40 26
121    0x40000079 79 00 00 40 27
122    0x4000007a 7a 00 00 40 45
123    0x4000007b 7b 00 00 40 4
124    0x4000007c 7c 00 00 40 21
125    0x4000007d 7d 00 00 40 21
126    0x4000007e 7e 00 00 40 21
127    0x4000007f 7f 00 00 40 21
128    0x40000080 80 00 00 40 21
129    0x40000081 81 00 00 40 21
130    0x40000082 82 00 00 40 21
131    0x40000083 83 00 00 40 21
512    0x40000200 00 02 00 40 35
513    0x40000201 01 02 00 40 35
514    0x40000202 02 02 00 40 35
515    0x40000203 03 02 00 40 35
516    0x40000204 04 02 00 40 35
517    0x40000205 05 02 00 40 35
518    0x40000206 06 02 00 40 35
519    0x40000207 07 02 00 40 35
1024   0x40000400 00 04 00 40 41
1280   0x40000500 00 05 00 40 38
1281   0x40000501 01 05 00 40 38
1282   0x40000502 02 05 00 40 38
1283   0x40000503 03 05 00 40 38
1284   0x40000504 04 05 00 40 38
1285   0x40000505 05 05 00 40 38
1286   0x40000506 06 05 00 40 38
1287   0x40000507 07 05 00 40 43
1288   0x40000508 08 05 00 40 43
1289   0x40000509 09 05 00 40 38
1290   0x4000050a 0a 05 00 40 38
1291   0x4000050b 0b 05 00 40 38
1292   0x4000050c 0c 05 00 40 38
1293   0x4000050d 0d 05 00 40 38
1294   0x4000050e 0e 05 00 40 38
1295   0x4000050f 0f 05 00 40 38
1296   0x40000510 10 05 00 40 38
1297   0x40000511 11 05 00 40 9
1298   0x40000512 12 05 00 40 47
1299   0x40000513 13 05 00 40 9
1300   0x40000514 14 05 00 40 47
1301   0x40000515 15 05 00 40 9
1302   0x40000516 16 05 00 40 47
1303   0x40000517 17 05 00 40 9
1304   0x40000518 18 05 00 40 47
1305   0x40000519 19 05 00 40 9
1306   0x4000051a 1a 05 00 40 47
1307   0x4000051b 1b 05 00 40 9
1308   0x4000051c 1c 05 00 40 47
1309   0x4000051d 1d 05 00 40 9
1310   0x4000051e 1e 05 00 40 47
1311   0x4000051f 1f 05 00 40 9
1312   0x40000520 20 05 00 40 47
1313   0x40000521 21 05 00 40 14
1314   0x40000522 22 05 00 40 14
1315   0x40000523 23 05 00 40 14
1316   0x40000524 24 05 00 40 14
1317   0x40000525 25 05 00 40 14
1318   0x40000526 26 05 00 40 14
1319   0x40000527 27 05 00 40 14
1320   0x40000528 28 05 00 40 14
1321   0x40000529 29 05 00 40 14
1322   0x4000052a 2a 05 00 40 14
1323   0x4000052b 2b 05 00 40 14
1324   0x4000052c 2c 05 00 40 14
1325   0x4000052d 2d 05 00 40 14
1326   0x4000052e 2e 05 00 40 14
1327   0x4000052f 2f 05 00 40 14
1328   0x40000530 30 05 00 40 14
1329   0x40000531 31 05 00 40 14
1330   0x40000532 32 05 00 40 14
1331   0x40000533 33 05 00 40 14
1332   0x40000534 34 05 00 40 14
1333   0x40000535 35 05 00 40 14
1334   0x40000536 36 05 00 40 14
1335   0x40000537 37 05 00 40 14
1336   0x40000538 38 05 00 40 14
1337   0x40000539 39 05 00 40 14
1338   0x4000053a 3a 05 00 40 14
1339   0x4000053b 3b 05 00 40 14
1340   0x4000053c 3c 05 00 40 14
1341   0x4000053d 3d 05 00 40 14
1342   0x4000053e 3e 05 00 40 14
1343   0x4000053f 3f 05 00 40 14
1344   0x40000540 40 05 00 40 14
1345   0x40000541 41 05 00 40 29
1346   0x40000542 42 05 00 40 42
1347   0x40000543 43 05 00 40 42
1348   0x40000544 44 05 00 40 42
1349   0x40000545 45 05 00 40 42
1350   0x40000546 46 05 00 40 38
1351   0x40000547 47 05 00 40 38
1352   0x40000548 48 05 00 40 38
1353   0x40000549 49 05 00 40 38
1354   0x4000054a 4a 05 00 40 38
1355   0x4000054b 4b 05 00 40 38
1356   0x4000054c 4c 05 00 40 38
1357   0x4000054d 4d 05 00 40 38
1358   0x4000054e 4e 05 00 40 38
1359   0x4000054f 4f 05 00 40 38
1360   0x40000550 50 05 00 40 38
1361   0x40000551 51 05 00 40 38
1362   0x40000552 52 05 00 40 38
1363   0x40000553 53 05 00 40 38
1364   0x40000554 54 05 00 40 38
1365   0x40000555 55 05 00 40 38
1408   0x40000580 80 05 00 40 38
1409   0x40000581 81 05 00 40 38
1410   0x40000582 82 05 00 40 38
1411   0x40000583 83 05 00 40 38
1412   0x40000584 84 05 00 40 38
1413   0x40000585 85 05 00 40 38
1414   0x40000586 86 05 00 40 38
1415   0x40000587 87 05 00 40 38
1416   0x40000588 88 05 00 40 38
1417   0x40000589 89 05 00 40 38
1418   0x4000058a 8a 05 00 40 38
1419   0x4000058b 8b 05 00 40 38
1420   0x4000058c 8c 05 00 40 38
1421   0x4000058d 8d 05 00 40 38
1422   0x4000058e 8e 05 00 40 38
1423   0x4000058f 8f 05 00 40 38
1424   0x40000590 90 05 00 40 38
1425   0x40000591 91 05 00 40 38
1426   0x40000592 92 05 00 40 38
1427   0x40000593 93 05 00 40 38
1428   0x40000594 94 05 00 40 38
1429   0x40000595 95 05 00 40 38
1430   0x40000596 96 05 00 40 38
